55
0
0
17
0
0
0
2
1
106
147
29
104
0
78
142
10
0
0
0
429
29
442
339
0
412
0
0
360
79
19
207
0
123
244
175
81
0
118
32
0
0
140
0
0
134
0
0
154
9
7
43
0
132
5
0
0
121
0
0
0
79
0
118
0
0
82
0
41
0
0
21
0
83
0
0
69
26
2
0
9
0
85
0
0
0
0
1
3
7
9
117
0
0
32
0
4
0
0
0
15
65
0
13
0
0
0
0
0
13
17
0
97
0
0
0
0
0
23
10
105
0
113
26
0
5
34
44
87
0
12
21
32
61
0
65
115
144
0
0
104
0
17
38
93
0
12
81
0
0
8
73
101
119
0
0
42
76
106
0
0
100
139
0
63
136
156
0
93
133
152
0
3
142
171
195
216
0
0
81
162
0
7
176
53
0
52
0
0
